0 -1416.5 1065.0
1 -1428.0 1077.0
2 -1124.0 848.0
3 -859.5 650.0
4 -643.0 483.0
5 -564.5 430.0
6 -331.0 250.0
7 -296.5 218.0
8 -471.0 363.0
9 -326.5 248.0
10 -221.5 164.0
11 -410.0 307.0
12 -220.0 161.0
13 -386.5 290.0
14 -227.0 171.0
15 -379.0 283.0
16 -250.5 183.0
17 -293.0 214.0
18 -282.0 211.0
19 -224.0 161.0
20 -211.5 153.0
21 -328.0 250.0
22 -228.0 167.0
23 -230.0 168.0
24 -222.0 162.0
25 -219.0 158.0
26 -210.5 157.0
27 -205.5 150.0
28 -203.5 149.0
29 -214.5 153.0
30 -206.5 149.0
31 -208.5 152.0
32 -205.5 153.0
33 -207.5 154.0
34 -205.5 150.0
35 -204.0 150.0
36 -207.5 150.0
37 -209.0 153.0
38 -207.5 150.0
39 -212.5 156.0
40 -208.0 151.0
41 -206.5 150.0
42 -206.0 149.0
43 -209.5 152.0
44 -214.0 153.0
45 -205.5 150.0
46 -207.0 150.0
47 -209.5 154.0
48 -203.5 149.0
49 -208.0 155.0
50 -205.5 152.0
51 -204.5 150.0
52 -206.5 151.0
53 -205.5 150.0
54 -205.5 154.0
55 -206.5 151.0
56 -205.5 150.0
57 -208.5 152.0
58 -207.5 155.0
59 -206.0 155.0
60 -204.0 149.0
61 -208.5 154.0
62 -206.0 152.0
63 -207.5 153.0
64 -208.0 152.0
65 -205.0 150.0
66 -206.0 152.0
67 -207.0 153.0
68 -207.0 151.0
69 -204.0 150.0
70 -205.5 151.0
71 -203.5 150.0
72 -206.0 151.0
73 -214.0 156.0
74 -206.0 151.0
75 -208.5 155.0
76 -206.0 151.0
77 -206.5 152.0
78 -206.0 153.0
79 -207.0 155.0
80 -206.5 154.0
81 -204.0 149.0
82 -220.0 158.0
83 -213.0 154.0
84 -198.0 145.0
85 -199.5 145.0
86 -206.0 150.0
87 -205.5 150.0
88 -205.0 148.0
89 -207.5 154.0
90 -208.5 154.0
91 -203.5 149.0
92 -208.5 153.0
93 -208.0 154.0
94 -206.5 152.0
95 -205.0 152.0
96 -204.0 148.0
97 -199.5 146.0
98 -206.0 151.0
99 -201.0 147.0
100 -207.0 150.0
101 -205.5 150.0
102 -198.5 145.0
103 -206.0 150.0
104 -203.0 148.0
105 -196.0 143.0
106 -196.5 145.0
107 -193.0 141.0
108 -199.0 147.0
109 -201.5 148.0
110 -201.0 146.0
111 -200.5 147.0
112 -202.5 149.0
113 -204.0 153.0
114 -204.0 151.0
115 -205.0 152.0
116 -197.5 145.0
117 -205.0 149.0
118 -204.5 149.0
119 -199.0 146.0
120 -198.5 145.0
121 -200.5 146.0
122 -199.0 144.0
123 -201.0 146.0
124 -196.5 143.0
125 -193.0 141.0
126 -166.5 122.0
127 -168.5 124.0
128 -169.5 122.0
129 -169.5 121.0
130 -164.5 118.0
131 -158.0 116.0
132 -273.5 203.0
133 -164.5 118.0
134 -166.0 119.0
135 -166.0 119.0
136 -163.0 117.0
137 -167.0 120.0
138 -161.5 117.0
139 -187.5 131.0
140 -225.0 166.0
141 -157.0 112.0
142 -251.0 187.0
143 -274.5 205.0
144 -236.0 173.0
145 -438.0 323.0
146 -544.5 403.0
147 -391.5 290.0
148 -271.5 204.0
149 -275.0 204.0
150 -236.5 170.0
151 -167.5 119.0
152 -242.0 172.0
153 -158.0 114.0
154 -159.0 114.0
155 -211.0 151.0
156 -159.5 113.0
157 -156.5 113.0
158 -155.0 111.0
159 -159.0 113.0
160 -157.0 112.0
161 -218.5 162.0
162 -156.0 111.0
163 -156.0 112.0
164 -156.0 112.0
165 -199.0 147.0
166 -209.0 151.0
167 -154.5 111.0
168 -156.0 111.0
169 -223.5 162.0
170 -154.5 109.0
171 -213.0 163.0
172 -202.5 154.0
173 -205.5 148.0
174 -189.5 138.0
175 -155.5 111.0
176 -154.0 110.0
177 -161.0 115.0
178 -322.0 233.0
179 -157.0 112.0
180 -160.5 115.0
181 -156.5 113.0
182 -153.5 109.0
183 -155.5 112.0
184 -201.0 148.0
185 -194.5 144.0
186 -205.5 147.0
187 -154.0 110.0
188 -156.5 113.0
189 -281.5 206.0
190 -154.0 111.0
191 -154.0 110.0
192 -273.0 203.0
193 -215.5 161.0
194 -162.5 117.0
195 -192.0 146.0
196 -160.0 115.0
197 -206.5 157.0
198 -191.5 147.0
199 -228.5 172.0
200 -154.0 112.0
201 -231.0 172.0
202 -257.5 194.0
203 -191.0 147.0
204 -160.0 114.0
205 -156.0 111.0
206 -192.5 146.0
207 -198.0 148.0
208 -168.0 120.0
209 -169.5 121.0
210 -267.5 200.0
211 -160.5 115.0
212 -208.0 155.0
213 -211.5 159.0
214 -230.0 173.0
215 -193.5 146.0
216 -157.0 113.0
217 -199.5 149.0
218 -162.5 116.0
219 -220.0 162.0
220 -161.0 115.0
221 -171.5 122.0
222 -196.5 147.0
223 -156.0 112.0
224 -260.0 195.0
225 -255.5 196.0
226 -204.5 149.0
227 -161.0 115.0
228 -195.5 150.0
229 -208.5 157.0
230 -193.5 148.0
231 -174.5 124.0
232 -192.5 146.0
233 -194.0 148.0
234 -194.0 147.0
235 -156.5 112.0
236 -155.5 111.0
237 -157.0 112.0
238 -158.0 112.0
239 -224.0 168.0
240 -208.5 155.0
241 -157.5 113.0
242 -193.0 144.0
243 -204.5 147.0
244 -197.0 143.0
245 -156.5 111.0
246 -201.0 145.0
247 -192.0 140.0
248 -161.5 113.0
249 -156.5 112.0
250 -203.0 149.0
251 -155.0 111.0
252 -247.0 189.0
253 -163.5 116.0
254 -254.5 195.0
255 -158.0 113.0
256 -247.5 194.0
257 -246.5 189.0
258 -242.0 182.0
259 -241.0 178.0
260 -161.0 116.0
261 -198.0 139.0
262 -210.0 147.0
263 -165.0 114.0
264 -160.0 110.0
265 -209.5 147.0
266 -229.5 163.0
267 -199.0 141.0
268 -246.0 188.0
269 -240.5 179.0
270 -200.5 145.0
271 -158.0 114.0
272 -164.5 117.0
273 -200.5 145.0
274 -161.0 113.0
275 -166.0 116.0
276 -210.0 151.0
277 -157.5 112.0
278 -241.5 178.0
279 -156.5 111.0
280 -195.0 137.0
281 -165.0 115.0
282 -160.0 114.0
283 -248.0 180.0
284 -211.0 154.0
285 -193.0 138.0
286 -157.0 112.0
287 -157.0 112.0
288 -160.0 113.0
289 -203.0 144.0
290 -228.5 164.0
291 -215.5 157.0
292 -157.0 112.0
293 -187.5 133.0
294 -204.0 151.0
295 -157.5 112.0
296 -159.0 112.0
297 -157.0 111.0
298 -154.0 110.0
299 -198.0 144.0
300 -172.5 123.0
301 -161.0 114.0
302 -204.5 147.0
303 -196.0 140.0
304 -201.5 144.0
305 -158.0 112.0
306 -195.0 140.0
307 -158.0 112.0
308 -158.5 113.0
309 -197.5 141.0
310 -170.5 121.0
311 -197.0 141.0
312 -194.0 139.0
313 -158.0 112.0
314 -198.5 141.0
315 -173.0 122.0
316 -205.5 147.0
317 -231.0 165.0
318 -158.0 112.0
319 -160.5 113.0
320 -171.0 121.0
321 -158.0 113.0
322 -164.0 116.0
323 -159.5 113.0
324 -248.0 188.0
325 -158.0 112.0
326 -159.5 112.0
327 -160.5 113.0
328 -205.0 147.0
329 -160.0 113.0
330 -198.0 142.0
331 -159.0 112.0
332 -192.5 139.0
333 -229.0 166.0
334 -164.5 115.0
335 -194.5 140.0
336 -162.5 115.0
337 -195.0 139.0
338 -160.5 115.0
339 -196.0 141.0
340 -198.0 140.0
341 -173.0 120.0
342 -160.5 113.0
343 -193.5 139.0
344 -197.0 140.0
345 -194.0 139.0
346 -159.0 113.0
347 -225.0 160.0
348 -193.5 139.0
349 -188.5 131.0
350 -189.5 135.0
351 -224.5 161.0
352 -169.0 117.0
353 -195.0 141.0
354 -159.0 113.0
355 -199.0 141.0
356 -205.0 145.0
357 -195.0 140.0
358 -195.0 138.0
359 -159.0 113.0
360 -191.0 136.0
361 -194.0 141.0
362 -195.0 141.0
363 -194.0 140.0
364 -205.0 145.0
365 -205.0 145.0
366 -159.5 113.0
367 -158.5 113.0
368 -158.5 112.0
369 -195.5 138.0
370 -195.0 141.0
371 -187.0 132.0
372 -192.0 137.0
373 -175.0 121.0
374 -202.5 143.0
375 -165.0 115.0
376 -156.0 111.0
377 -190.5 136.0
378 -198.0 140.0
379 -190.5 136.0
380 -163.5 115.0
381 -190.0 132.0
382 -163.0 114.0
383 -159.0 113.0
384 -194.0 140.0
385 -200.5 141.0
386 -194.0 140.0
387 -163.0 114.0
388 -190.0 134.0
389 -161.5 114.0
390 -182.0 128.0
391 -193.5 140.0
392 -184.0 130.0
393 -192.0 136.0
394 -192.0 139.0
395 -186.5 132.0
396 -192.5 138.0
397 -194.0 140.0
398 -185.0 131.0
399 -187.0 132.0
400 -187.0 130.0
401 -191.0 138.0
402 -295.5 218.0
403 -196.5 142.0
404 -160.5 115.0
405 -197.5 143.0
406 -193.0 139.0
407 -200.5 139.0
408 -161.5 115.0
409 -160.5 113.0
410 -198.5 143.0
411 -198.0 141.0
412 -193.5 139.0
413 -160.0 113.0
414 -188.5 134.0
415 -193.5 139.0
416 -214.0 151.0
417 -161.0 113.0
418 -188.5 131.0
419 -198.5 144.0
420 -159.0 112.0
421 -192.0 138.0
422 -161.0 113.0
423 -200.5 142.0
424 -168.0 118.0
425 -162.5 114.0
426 -196.5 140.0
427 -163.0 114.0
428 -285.0 210.0
429 -203.0 145.0
430 -157.0 111.0
431 -164.0 115.0
432 -195.5 140.0
433 -196.0 143.0
434 -190.5 136.0
435 -191.0 136.0
436 -185.0 132.0
437 -193.5 136.0
438 -194.5 140.0
439 -253.5 193.0
440 -189.5 136.0
441 -189.5 135.0
442 -192.5 136.0
443 -258.0 195.0
444 -243.0 189.0
445 -244.0 189.0
446 -182.5 130.0
447 -190.0 137.0
448 -184.5 132.0
449 -197.0 142.0
450 -247.5 193.0
451 -189.5 135.0
452 -160.5 114.0
453 -201.0 144.0
454 -194.5 138.0
455 -198.0 142.0
456 -245.5 190.0
457 -242.5 177.0
458 -206.5 145.0
459 -162.5 115.0
460 -162.5 115.0
461 -162.5 115.0
462 -160.0 113.0
463 -162.0 115.0
464 -206.0 143.0
465 -185.5 131.0
466 -189.5 135.0
467 -189.5 134.0
468 -188.5 134.0
469 -203.5 146.0
470 -246.0 189.0
471 -192.0 136.0
472 -188.5 133.0
473 -262.0 200.0
474 -195.5 140.0
475 -204.0 144.0
476 -198.0 141.0
477 -252.5 193.0
478 -162.0 115.0
479 -162.0 115.0
480 -192.0 138.0
481 -194.0 139.0
482 -245.5 178.0
483 -194.0 139.0
484 -245.0 186.0
485 -163.0 117.0
486 -197.0 142.0
487 -196.5 141.0
488 -193.5 137.0
489 -277.5 207.0
490 -161.0 114.0
491 -196.0 138.0
492 -204.0 145.0
493 -187.0 132.0
494 -158.0 112.0
495 -260.5 198.0
496 -199.0 140.0
497 -160.0 112.0
498 -158.0 111.0
499 -252.5 181.0
500 -190.0 134.0
501 -246.5 180.0
502 -193.5 138.0
503 -206.5 150.0
504 -194.0 139.0
505 -211.5 154.0
506 -201.0 144.0
507 -169.0 121.0
508 -208.5 152.0
509 -170.5 121.0
510 -162.0 116.0
511 -264.5 190.0
512 -202.0 145.0
513 -173.5 124.0
514 -165.0 118.0
515 -202.0 145.0
516 -170.5 122.0
517 -275.5 206.0
518 -307.0 229.0
519 -272.5 205.0
520 -212.5 151.0
521 -198.5 143.0
522 -188.0 134.0
523 -193.5 136.0
524 -200.0 144.0
525 -195.5 138.0
526 -161.0 113.0
527 -194.0 139.0
528 -192.5 137.0
529 -156.0 111.0
530 -157.5 112.0
531 -246.0 177.0
532 -242.5 177.0
533 -202.5 145.0
534 -200.0 144.0
535 -254.5 185.0
536 -232.0 167.0
537 -198.5 144.0
538 -159.5 112.0
539 -248.0 179.0
540 -199.5 145.0
541 -256.0 188.0
542 -199.5 146.0
543 -164.5 117.0
544 -193.5 140.0
545 -191.0 138.0
546 -157.0 112.0
547 -195.0 142.0
548 -164.0 116.0
549 -198.5 144.0
550 -207.0 148.0
551 -240.5 184.0
552 -193.5 140.0
553 -164.5 116.0
554 -196.5 144.0
555 -179.5 124.0
556 -195.5 135.0
557 -171.5 122.0
558 -162.5 116.0
559 -199.5 146.0
560 -164.0 116.0
561 -171.5 122.0
562 -196.5 144.0
563 -194.0 140.0
564 -159.5 114.0
565 -161.0 114.0
566 -196.5 143.0
567 -159.5 114.0
568 -163.5 116.0
569 -204.0 145.0
570 -162.0 115.0
571 -204.0 145.0
572 -159.5 113.0
573 -159.5 113.0
574 -177.5 122.0
575 -195.0 142.0
576 -208.0 148.0
577 -164.5 117.0
578 -197.0 141.0
579 -217.5 153.0
580 -190.5 135.0
581 -159.0 112.0
582 -199.0 141.0
583 -159.5 113.0
584 -192.0 137.0
585 -161.0 114.0
586 -161.0 114.0
587 -167.5 118.0
588 -165.0 116.0
589 -169.0 117.0
590 -200.0 142.0
591 -205.5 144.0
592 -166.5 117.0
593 -197.5 142.0
594 -197.5 141.0
595 -195.0 139.0
596 -196.5 141.0
597 -200.0 144.0
598 -200.5 143.0
599 -193.0 136.0
600 -192.0 135.0
601 -163.5 115.0
602 -187.5 131.0
603 -199.0 143.0
604 -192.5 137.0
605 -164.5 115.0
606 -200.0 141.0
607 -164.0 115.0
608 -197.5 142.0
609 -196.5 139.0
610 -200.0 143.0
611 -163.5 115.0
612 -165.0 116.0
613 -164.5 117.0
614 -196.5 143.0
615 -204.0 144.0
616 -199.0 143.0
617 -198.0 140.0
618 -196.5 140.0
619 -200.5 144.0
620 -162.5 114.0
621 -165.0 116.0
622 -195.0 140.0
623 -163.5 115.0
624 -163.0 115.0
625 -194.5 139.0
626 -162.0 114.0
627 -198.0 142.0
628 -193.5 138.0
629 -163.0 115.0
630 -201.5 143.0
631 -162.5 115.0
632 -172.0 118.0
633 -210.5 149.0
634 -164.0 116.0
635 -208.5 149.0
636 -170.0 119.0
637 -192.5 137.0
638 -194.5 139.0
639 -190.0 134.0
640 -197.0 141.0
641 -166.0 118.0
642 -198.0 142.0
643 -162.5 114.0
644 -204.0 143.0
645 -167.5 118.0
646 -161.5 114.0
647 -187.5 132.0
648 -198.0 141.0
649 -195.5 141.0
650 -198.5 143.0
651 -197.5 142.0
652 -196.5 142.0
653 -192.0 136.0
654 -197.0 142.0
655 -193.5 139.0
656 -159.0 113.0
657 -200.0 144.0
658 -202.5 146.0
659 -161.5 114.0
660 -195.5 140.0
661 -160.0 113.0
662 -196.5 140.0
663 -159.5 113.0
664 -193.5 138.0
665 -202.5 145.0
666 -200.0 145.0
667 -201.5 146.0
668 -195.0 139.0
669 -195.0 140.0
670 -168.0 119.0
671 -164.0 116.0
672 -201.5 143.0
673 -164.0 116.0
674 -199.0 142.0
675 -160.5 114.0
676 -199.5 142.0
677 -206.5 148.0
678 -200.0 142.0
679 -168.5 118.0
680 -200.5 142.0
681 -203.0 146.0
682 -159.0 113.0
683 -168.5 118.0
684 -187.5 128.0
685 -167.0 116.0
686 -169.5 118.0
687 -196.5 140.0
688 -167.5 118.0
689 -199.5 142.0
690 -194.5 141.0
691 -191.0 136.0
692 -167.5 117.0
693 -159.0 113.0
694 -166.0 116.0
695 -159.5 114.0
696 -164.0 115.0
697 -167.5 117.0
698 -195.5 141.0
699 -164.5 115.0
700 -192.5 139.0
701 -168.5 118.0
702 -197.5 142.0
703 -166.0 116.0
704 -165.5 117.0
705 -165.5 116.0
706 -157.5 112.0
707 -186.0 132.0
708 -164.0 114.0
709 -199.5 141.0
710 -186.0 132.0
711 -192.5 140.0
712 -164.5 115.0
713 -191.5 139.0
714 -167.0 117.0
715 -166.0 116.0
716 -193.5 139.0
717 -159.0 113.0
718 -163.5 114.0
719 -158.5 113.0
720 -163.0 114.0
721 -192.0 139.0
722 -192.5 138.0
723 -160.5 112.0
724 -192.5 140.0
725 -194.0 140.0
726 -201.5 143.0
727 -163.0 114.0
728 -196.5 140.0
729 -161.5 113.0
730 -189.5 138.0
731 -162.0 113.0
732 -160.0 112.0
733 -163.0 113.0
734 -160.5 112.0
735 -184.5 131.0
736 -160.0 115.0
737 -159.0 113.0
738 -195.5 140.0
739 -198.5 143.0
740 -164.5 115.0
741 -169.0 115.0
742 -196.5 140.0
743 -166.0 116.0
744 -206.0 148.0
745 -165.0 115.0
746 -164.5 115.0
747 -196.5 141.0
748 -196.0 141.0
749 -167.0 118.0
750 -162.5 114.0
751 -209.5 151.0
752 -161.5 112.0
753 -194.5 138.0
754 -160.5 112.0
755 -160.5 112.0
756 -204.5 148.0
757 -207.0 149.0
758 -191.0 138.0
759 -159.0 113.0
760 -191.5 138.0
761 -163.0 114.0
762 -192.0 138.0
763 -159.5 113.0
764 -191.5 139.0
765 -161.5 113.0
766 -161.5 112.0
767 -159.5 113.0
768 -190.5 138.0
769 -160.0 113.0
770 -159.5 113.0
771 -195.5 139.0
772 -201.0 141.0
773 -163.5 115.0
774 -167.0 117.0
775 -166.0 115.0
776 -204.0 148.0
777 -198.5 142.0
778 -187.5 128.0
779 -196.0 139.0
780 -165.5 115.0
781 -195.5 140.0
782 -211.5 150.0
783 -195.0 133.0
784 -200.5 143.0
785 -166.0 116.0
786 -160.5 114.0
787 -198.0 143.0
788 -166.5 116.0
789 -199.5 143.0
790 -209.0 148.0
791 -198.5 143.0
792 -195.0 133.0
793 -169.0 118.0
794 -167.0 117.0
795 -166.5 116.0
796 -194.5 140.0
797 -197.0 140.0
798 -169.0 118.0
799 -181.5 124.0
800 -165.5 117.0
801 -198.5 142.0
802 -197.5 142.0
803 -166.0 116.0
804 -197.5 143.0
805 -179.0 122.0
806 -165.0 115.0
807 -195.5 140.0
808 -163.0 114.0
809 -159.0 113.0
810 -179.0 122.0
811 -167.0 117.0
812 -169.5 118.0
813 -199.5 143.0
814 -200.0 146.0
815 -194.5 141.0
816 -192.5 138.0
817 -203.5 144.0
818 -167.5 116.0
819 -198.5 142.0
820 -159.5 111.0
821 -164.5 115.0
822 -161.0 112.0
823 -160.0 114.0
824 -164.0 114.0
825 -160.5 113.0
826 -197.0 141.0
827 -160.5 113.0
828 -198.0 142.0
829 -163.0 114.0
830 -169.0 116.0
831 -207.0 149.0
832 -174.0 119.0
833 -193.5 139.0
834 -166.0 115.0
835 -159.0 112.0
836 -164.0 113.0
837 -160.5 112.0
838 -212.5 152.0
839 -163.0 115.0
840 -193.5 140.0
841 -193.0 138.0
842 -174.0 119.0
843 -208.5 149.0
844 -164.5 115.0
845 -163.5 114.0
846 -208.5 150.0
847 -165.0 112.0
848 -156.5 109.0
849 -195.0 139.0
850 -167.0 116.0
851 -163.5 112.0
852 -161.5 112.0
853 -161.0 112.0
854 -194.0 139.0
855 -158.5 113.0
856 -167.0 116.0
857 -160.5 112.0
858 -167.0 116.0
859 -197.5 143.0
860 -162.5 113.0
861 -216.0 155.0
862 -163.0 114.0
863 -218.5 158.0
864 -163.0 115.0
865 -163.0 115.0
866 -201.0 144.0
867 -162.0 113.0
868 -198.5 144.0
869 -166.0 114.0
870 -164.0 114.0
871 -163.0 114.0
872 -203.0 144.0
873 -204.5 144.0
874 -198.0 140.0
875 -207.0 147.0
876 -165.5 116.0
877 -163.5 114.0
878 -165.5 116.0
879 -162.0 115.0
880 -164.5 114.0
881 -167.0 115.0
882 -199.0 143.0
883 -196.0 141.0
884 -200.5 143.0
885 -198.5 144.0
886 -196.0 142.0
887 -200.0 144.0
888 -204.0 144.0
889 -163.5 115.0
890 -164.0 114.0
891 -164.0 114.0
892 -209.5 150.0
893 -210.0 150.0
894 -162.5 113.0
895 -196.5 140.0
896 -206.5 147.0
897 -198.0 143.0
898 -162.0 113.0
899 -162.0 113.0
900 -164.5 115.0
901 -162.5 115.0
902 -163.5 115.0
903 -164.0 114.0
904 -208.5 148.0
905 -162.0 114.0
906 -163.0 115.0
907 -208.5 148.0
908 -161.0 110.0
909 -162.0 112.0
910 -156.0 110.0
911 -194.5 139.0
912 -163.5 114.0
913 -164.5 112.0
914 -167.0 114.0
915 -164.5 114.0
916 -207.0 149.0
917 -161.0 110.0
918 -171.0 117.0
919 -161.5 114.0
920 -156.5 111.0
921 -196.0 141.0
922 -195.5 142.0
923 -200.5 145.0
924 -161.0 112.0
925 -161.0 112.0
926 -213.5 153.0
927 -208.0 147.0
928 -205.5 146.0
929 -171.0 117.0
930 -166.0 115.0
931 -211.5 150.0
932 -161.0 112.0
933 -196.5 142.0
934 -192.5 137.0
935 -163.5 114.0
936 -200.0 144.0
937 -199.0 144.0
938 -197.0 142.0
939 -200.5 142.0
940 -203.0 143.0
941 -161.0 113.0
942 -159.5 113.0
943 -196.0 140.0
944 -167.0 116.0
945 -160.0 114.0
946 -160.5 112.0
947 -162.0 113.0
948 -198.5 142.0
949 -161.5 113.0
950 -201.0 144.0
951 -204.5 144.0
952 -202.0 144.0
953 -196.0 143.0
954 -224.5 161.0
955 -167.5 116.0
956 -169.0 117.0
957 -168.5 117.0
958 -163.0 114.0
959 -166.0 115.0
960 -167.5 116.0
961 -159.5 112.0
962 -158.0 110.0
963 -159.5 111.0
964 -165.0 115.0
965 -218.5 156.0
966 -200.5 145.0
967 -167.5 114.0
968 -205.0 145.0
969 -162.5 114.0
970 -159.0 111.0
971 -204.0 145.0
972 -164.5 115.0
973 -169.5 118.0
974 -168.0 117.0
975 -205.0 151.0
976 -170.0 119.0
977 -210.0 151.0
978 -169.0 119.0
979 -167.5 118.0
980 -230.5 175.0
981 -199.0 144.0
982 -205.0 144.0
983 -206.5 148.0
984 -202.0 147.0
985 -207.5 147.0
986 -175.5 122.0
987 -173.5 121.0
988 -163.5 115.0
989 -168.5 118.0
990 -199.5 143.0
991 -169.5 118.0
992 -157.5 112.0
993 -231.5 177.0
994 -169.0 117.0
995 -165.0 116.0
996 -158.0 112.0
997 -231.5 177.0
998 -177.0 120.0
999 -209.5 150.0
